spawns:
  default:
    world: 4bff1639-122a-459f-bdbf-eeedea4f8832
    world-name: spawnworld
    x: -67.03632428909448
    y: 253.0
    z: -29.42051715086458
    yaw: 96.15094757080078
    pitch: -6.000282287597656
